0 0.38828125 0.4010416666666667 0.04609375 0.058333333333333334
0 0.5984375 0.5229166666666667 0.0640625 0.057291666666666664
0 0.78828125 0.5302083333333333 0.06171875 0.065625
0 0.1640625 0.5541666666666667 0.078125 0.06041666666666667
0 0.03515625 0.496875 0.06171875 0.05416666666666667
0 0.340625 0.28958333333333336 0.0390625 0.034375
0 0.3140625 0.265625 0.034375 0.042708333333333334
0 0.559375 0.4114583333333333 0.04921875 0.051041666666666666
0 0.61328125 0.4197916666666667 0.05859375 0.057291666666666664
0 0.78671875 0.42083333333333334 0.05859375 0.065625
