0 0.85078125 0.6385416666666667 0.08515625 0.046875
1 0.83671875 0.3770833333333333 0.075 0.08333333333333333
0 0.665625 0.3770833333333333 0.05390625 0.052083333333333336
0 0.59921875 0.375 0.0671875 0.071875
0 0.50859375 0.3958333333333333 0.06171875 0.05416666666666667
1 0.46640625 0.3927083333333333 0.0359375 0.04583333333333333
0 0.38671875 0.38333333333333336 0.05078125 0.052083333333333336
1 0.33828125 0.390625 0.05078125 0.05416666666666667
0 0.259375 0.3854166666666667 0.05390625 0.040625
0 0.21015625 0.375 0.05859375 0.052083333333333336
0 0.03203125 0.378125 0.059375 0.052083333333333336
