0 0.08515625 0.32395833333333335 0.12890625 0.096875
0 0.359375 0.365625 0.0734375 0.06354166666666666
0 0.68984375 0.3770833333333333 0.06015625 0.05416666666666667
0 0.95859375 0.3770833333333333 0.08203125 0.06875
1 0.828125 0.36770833333333336 0.05390625 0.06666666666666667
1 0.6 0.3885416666666667 0.04375 0.057291666666666664
1 0.55859375 0.41041666666666665 0.05390625 0.08333333333333333
1 0.503125 0.378125 0.05078125 0.06875
1 0.44453125 0.3958333333333333 0.05703125 0.071875
1 0.2109375 0.378125 0.0671875 0.078125
