0 0.14921875 0.6385416666666667 0.08515625 0.046875
1 0.16328125 0.3770833333333333 0.075 0.08333333333333333
0 0.334375 0.3770833333333333 0.05390625 0.052083333333333336
0 0.40078125 0.375 0.0671875 0.071875
0 0.49140625 0.3958333333333333 0.06171875 0.05416666666666667
1 0.53359375 0.3927083333333333 0.0359375 0.04583333333333333
0 0.61328125 0.38333333333333336 0.05078125 0.052083333333333336
1 0.66171875 0.390625 0.05078125 0.05416666666666667
0 0.740625 0.3854166666666667 0.05390625 0.040625
0 0.78984375 0.375 0.05859375 0.052083333333333336
0 0.96796875 0.378125 0.059375 0.052083333333333336
