1 0.11953125 0.16458333333333333 0.165625 0.2989583333333333
1 0.403125 0.37604166666666666 0.0375 0.07916666666666666
1 0.4671875 0.3375 0.0421875 0.08125
1 0.5125 0.34479166666666666 0.034375 0.057291666666666664
1 0.5625 0.33229166666666665 0.034375 0.06770833333333333
1 0.61015625 0.34270833333333334 0.0390625 0.07916666666666666
1 0.6703125 0.32708333333333334 0.0453125 0.08125
1 0.7296875 0.2989583333333333 0.05 0.0875
1 0.8078125 0.24895833333333334 0.05546875 0.10729166666666666
1 0.8828125 0.24270833333333333 0.06484375 0.11666666666666667
