0 0.91484375 0.32395833333333335 0.12890625 0.096875
0 0.640625 0.365625 0.0734375 0.06354166666666666
0 0.31015625 0.3770833333333333 0.06015625 0.05416666666666667
0 0.04140625 0.3770833333333333 0.08203125 0.06875
1 0.171875 0.36770833333333336 0.05390625 0.06666666666666667
1 0.4 0.3885416666666667 0.04375 0.057291666666666664
1 0.44140625 0.41041666666666665 0.05390625 0.08333333333333333
1 0.496875 0.378125 0.05078125 0.06875
1 0.55546875 0.3958333333333333 0.05703125 0.071875
1 0.7890625 0.378125 0.0671875 0.078125
