3 0.0546875 0.39609375 0.0296875 0.06953125
3 0.0078125 0.40390625 0.015625 0.084375
3 0.128125 0.40625 0.02421875 0.06015625
3 0.09296875 0.409375 0.0296875 0.06640625
3 0.178125 0.4109375 0.03203125 0.08125
3 0.51171875 0.465625 0.071875 0.18359375
3 0.3890625 0.47421875 0.0859375 0.18359375
3 0.26875 0.490625 0.121875 0.26484375
3 0.59765625 0.5015625 0.0796875 0.18359375
3 0.68984375 0.52109375 0.0921875 0.2953125
3 0.9484375 0.54140625 0.103125 0.2703125
3 0.82734375 0.540625 0.134375 0.328125
