2 0.12578125 0.31640625 0.084375 0.17265625
2 0.46484375 0.32734375 0.07421875 0.14921875
3 0.64375 0.34453125 0.0640625 0.1609375
3 0.83671875 0.34765625 0.0859375 0.14375
3 0.63515625 0.34765625 0.0703125 0.1609375
3 0.59375 0.390625 0.071875 0.13828125
2 0.3703125 0.40078125 0.0796875 0.146875
2 0.75390625 0.4078125 0.1078125 0.1609375
3 0.946875 0.45 0.078125 0.13515625
2 0.39609375 0.5171875 0.10390625 0.14375
2 0.175 0.5546875 0.0859375 0.18359375
3 0.6640625 0.6109375 0.07578125 0.15234375
2 0.29296875 0.93828125 0.06171875 0.1234375
3 0.54375 0.19375 0.08828125 0.1234375
3 0.7046875 0.27421875 0.07421875 0.15234375
